Metric                   Mean                Median              Standard Deviation  
-------------------------------------------------------------------------------------
wearable                 5.86e+06            5.69e+06            3.94e+05            
soc                      1.26e+06            1.21e+06            1.67e+05            
cvip                     1.64e+06            1.62e+06            2.53e+05            
cpu                      1.24e+06            1.17e+06            3.75e+05            
gpu                      1.65e+06            1.05e+05            2.27e+06            
5v_sys                   7.00e+06            6.82e+06            4.12e+05            
wlan                     2.39e+05            2.33e+05            2.37e+04            
nvme_pwr1                5.94e+02            0.00e+00            2.56e+03            
nvme_pwr3                2.86e+04            5.00e+03            9.10e+04            
nvme_pwr2                6.18e+03            4.00e+03            4.01e+03            
vddp_run                 6.89e+04            6.80e+04            3.25e+03            
vddp_s5                  6.79e+04            6.80e+04            5.93e+02            
LPDDR_PWR                2.67e+06            2.65e+06            1.49e+05            
PROC_TOT_PWR             5.77e+06            4.66e+06            2.30e+06            
THERM_TOT_PWR            8.44e+06            7.35e+06            2.30e+06            
THERM_TOT_PWR-throttle   2.50e+07            2.50e+07            0.00e+00            
Tboard_soc1tmp           1.24e+02            1.24e+02            1.42e-14            
Tdiode_soc1tmp           1.21e+02            1.21e+02            4.03e-01            
battery                  9.08e+01            9.07e+01            8.97e-02            
chrgr                    1.16e+02            1.16e+02            2.06e-01            
ddr1                     1.22e+02            1.22e+02            1.72e-01            
ddr2                     1.20e+02            1.20e+02            2.06e-01            
mem                      1.13e+02            1.13e+02            3.56e-01            
mero2                    1.23e+02            1.23e+02            1.68e-01            
vrm                      1.20e+02            1.20e+02            1.53e-01            
