Metric                   Mean                Median              Standard Deviation  
-------------------------------------------------------------------------------------
wearable                 6.40e+06            6.41e+06            1.07e+05            
soc                      1.26e+06            1.24e+06            1.65e+05            
cvip                     2.11e+06            2.07e+06            4.29e+05            
cpu                      1.26e+06            1.20e+06            3.57e+05            
gpu                      1.58e+06            1.05e+05            2.25e+06            
5v_sys                   7.53e+06            7.56e+06            2.05e+05            
nvme_pwr1                6.28e+03            0.00e+00            1.36e+04            
nvme_pwr3                4.91e+04            8.00e+03            1.36e+05            
nvme_pwr2                7.50e+03            7.00e+03            4.58e+03            
wlan                     2.26e+05            2.19e+05            2.49e+04            
vddp_run                 7.15e+04            7.00e+04            3.91e+03            
vddp_s5                  7.16e+04            7.20e+04            8.45e+02            
LPDDR_PWR                2.69e+06            2.67e+06            1.24e+05            
PROC_TOT_PWR             6.41e+06            5.44e+06            2.34e+06            
THERM_TOT_PWR            9.10e+06            8.16e+06            2.35e+06            
THERM_TOT_PWR-throttle   2.50e+07            2.50e+07            0.00e+00            
Tboard_soc1tmp           1.28e+02            1.29e+02            2.00e+00            
Tdiode_soc1tmp           1.25e+02            1.26e+02            1.84e+00            
battery                  8.87e+01            8.87e+01            5.98e-01            
chrgr                    1.19e+02            1.20e+02            1.49e+00            
ddr1                     1.26e+02            1.27e+02            1.51e+00            
ddr2                     1.24e+02            1.25e+02            1.51e+00            
mem                      1.17e+02            1.18e+02            1.41e+00            
mero2                    1.27e+02            1.28e+02            1.78e+00            
vrm                      1.23e+02            1.24e+02            1.71e+00            
