Metric                   Mean                Median              Standard Deviation  
-------------------------------------------------------------------------------------
wearable                 5.85e+06            5.69e+06            3.85e+05            
soc                      1.28e+06            1.25e+06            1.59e+05            
cvip                     1.91e+06            1.90e+06            3.36e+05            
cpu                      1.28e+06            1.19e+06            3.91e+05            
gpu                      1.85e+06            1.05e+05            2.37e+06            
5v_sys                   6.80e+06            6.71e+06            3.95e+05            
wlan                     2.39e+05            2.33e+05            2.52e+04            
nvme_pwr1                1.64e+03            0.00e+00            1.38e+04            
nvme_pwr3                3.33e+04            5.00e+03            1.03e+05            
nvme_pwr2                6.17e+03            4.00e+03            5.14e+03            
vddp_run                 6.91e+04            6.80e+04            3.25e+03            
vddp_s5                  6.95e+04            7.00e+04            8.36e+02            
LPDDR_PWR                2.72e+06            2.70e+06            1.41e+05            
PROC_TOT_PWR             6.29e+06            5.17e+06            2.36e+06            
THERM_TOT_PWR            9.01e+06            7.94e+06            2.36e+06            
THERM_TOT_PWR-throttle   2.50e+07            2.50e+07            0.00e+00            
Tboard_soc1tmp           1.27e+02            1.27e+02            8.42e-01            
Tdiode_soc1tmp           1.25e+02            1.25e+02            1.19e+00            
battery                  9.12e+01            9.12e+01            1.42e-14            
chrgr                    1.19e+02            1.20e+02            7.02e-01            
ddr1                     1.26e+02            1.26e+02            9.05e-01            
ddr2                     1.24e+02            1.24e+02            9.35e-01            
mem                      1.16e+02            1.16e+02            5.17e-01            
mero2                    1.27e+02            1.27e+02            9.68e-01            
vrm                      1.23e+02            1.23e+02            9.09e-01            
