Metric                   Mean                Median              Standard Deviation  
-------------------------------------------------------------------------------------
wearable                 6.13e+06            6.20e+06            3.38e+05            
soc                      1.27e+06            1.26e+06            1.50e+05            
cvip                     1.53e+06            1.46e+06            2.46e+05            
cpu                      1.29e+06            1.23e+06            3.93e+05            
gpu                      1.72e+06            1.05e+05            2.25e+06            
5v_sys                   7.23e+06            7.26e+06            3.51e+05            
nvme_pwr1                1.92e+03            0.00e+00            9.50e+03            
nvme_pwr3                3.92e+04            5.00e+03            1.21e+05            
nvme_pwr2                6.16e+03            4.00e+03            3.66e+03            
wlan                     2.31e+05            2.28e+05            1.96e+04            
vddp_run                 6.88e+04            6.80e+04            3.25e+03            
vddp_s5                  6.80e+04            6.80e+04            1.35e+03            
LPDDR_PWR                2.63e+06            2.61e+06            1.11e+05            
PROC_TOT_PWR             6.14e+06            5.12e+06            2.33e+06            
THERM_TOT_PWR            8.77e+06            7.77e+06            2.34e+06            
THERM_TOT_PWR-throttle   2.50e+07            2.50e+07            0.00e+00            
Tboard_soc1tmp           1.25e+02            1.24e+02            2.05e+00            
Tdiode_soc1tmp           1.22e+02            1.22e+02            2.15e+00            
battery                  9.55e+01            9.55e+01            1.87e+00            
chrgr                    1.17e+02            1.16e+02            1.98e+00            
ddr1                     1.23e+02            1.22e+02            2.06e+00            
ddr2                     1.21e+02            1.20e+02            2.05e+00            
mem                      1.14e+02            1.13e+02            1.91e+00            
mero2                    1.24e+02            1.23e+02            2.07e+00            
vrm                      1.21e+02            1.20e+02            2.04e+00            
