Metric                   Mean                Median              Standard Deviation  
-------------------------------------------------------------------------------------
wearable                 6.13e+06            6.19e+06            3.64e+05            
soc                      1.31e+06            1.30e+06            1.64e+05            
cvip                     1.42e+06            1.36e+06            1.62e+05            
cpu                      1.35e+06            1.31e+06            3.99e+05            
gpu                      1.93e+06            3.98e+05            2.31e+06            
5v_sys                   7.27e+06            7.32e+06            3.78e+05            
nvme_pwr1                2.20e+03            0.00e+00            7.55e+03            
nvme_pwr3                3.75e+04            5.00e+03            1.18e+05            
nvme_pwr2                6.54e+03            4.00e+03            4.18e+03            
wlan                     2.31e+05            2.29e+05            1.99e+04            
vddp_run                 6.88e+04            6.80e+04            3.56e+03            
vddp_s5                  6.72e+04            6.80e+04            1.34e+03            
LPDDR_PWR                2.64e+06            2.62e+06            1.11e+05            
PROC_TOT_PWR             6.34e+06            5.27e+06            2.36e+06            
THERM_TOT_PWR            8.98e+06            7.89e+06            2.36e+06            
THERM_TOT_PWR-throttle   2.50e+07            2.50e+07            0.00e+00            
Tboard_soc1tmp           1.23e+02            1.24e+02            8.95e-01            
Tdiode_soc1tmp           1.21e+02            1.21e+02            8.39e-01            
battery                  9.76e+01            9.75e+01            3.13e-01            
chrgr                    1.15e+02            1.15e+02            4.73e-01            
ddr1                     1.22e+02            1.22e+02            6.45e-01            
ddr2                     1.20e+02            1.20e+02            7.04e-01            
mem                      1.13e+02            1.13e+02            3.45e-01            
mero2                    1.22e+02            1.23e+02            6.60e-01            
vrm                      1.19e+02            1.19e+02            6.27e-01            
