Metric                   Mean                Median              Standard Deviation  
-------------------------------------------------------------------------------------
wearable                 6.15e+06            6.21e+06            2.65e+05            
soc                      1.25e+06            1.25e+06            1.33e+05            
cvip                     1.68e+06            1.64e+06            2.68e+05            
cpu                      1.28e+06            1.21e+06            4.01e+05            
gpu                      1.47e+06            1.05e+05            2.08e+06            
5v_sys                   7.17e+06            7.19e+06            2.69e+05            
nvme_pwr1                2.36e+03            0.00e+00            1.25e+04            
nvme_pwr3                3.82e+04            5.00e+03            1.17e+05            
nvme_pwr2                5.92e+03            4.00e+03            3.31e+03            
wlan                     2.32e+05            2.28e+05            1.92e+04            
vddp_run                 6.89e+04            6.80e+04            3.13e+03            
vddp_s5                  6.92e+04            7.00e+04            9.90e+02            
LPDDR_PWR                2.61e+06            2.59e+06            9.63e+04            
PROC_TOT_PWR             5.67e+06            4.55e+06            2.23e+06            
THERM_TOT_PWR            8.27e+06            7.16e+06            2.23e+06            
THERM_TOT_PWR-throttle   2.50e+07            2.50e+07            0.00e+00            
Tboard_soc1tmp           1.27e+02            1.27e+02            1.15e-01            
Tdiode_soc1tmp           1.25e+02            1.25e+02            6.72e-01            
battery                  9.32e+01            9.32e+01            4.25e-01            
chrgr                    1.20e+02            1.20e+02            3.67e-01            
ddr1                     1.26e+02            1.26e+02            4.99e-01            
ddr2                     1.24e+02            1.24e+02            5.38e-01            
mem                      1.17e+02            1.17e+02            2.50e-01            
mero2                    1.27e+02            1.27e+02            5.10e-01            
vrm                      1.23e+02            1.23e+02            4.82e-01            
