Metric                   Mean                Median              Standard Deviation  
-------------------------------------------------------------------------------------
wearable                 5.85e+06            5.74e+06            3.62e+05            
soc                      1.28e+06            1.28e+06            1.12e+05            
cvip                     1.91e+06            1.90e+06            1.63e+05            
cpu                      1.28e+06            1.26e+06            2.42e+05            
gpu                      1.85e+06            1.29e+06            1.71e+06            
5v_sys                   6.80e+06            6.72e+06            3.71e+05            
wlan                     2.39e+05            2.35e+05            1.79e+04            
nvme_pwr1                1.64e+03            0.00e+00            6.27e+03            
nvme_pwr3                3.33e+04            1.70e+04            4.64e+04            
nvme_pwr2                6.17e+03            6.00e+03            2.28e+03            
vddp_run                 6.91e+04            6.88e+04            1.32e+03            
vddp_s5                  6.95e+04            7.00e+04            7.09e+02            
LPDDR_PWR                2.72e+06            2.70e+06            1.22e+05            
PROC_TOT_PWR             6.29e+06            5.91e+06            1.65e+06            
THERM_TOT_PWR            9.01e+06            8.70e+06            1.66e+06            
THERM_TOT_PWR-throttle   2.50e+07            2.50e+07            0.00e+00            
Tboard_soc1tmp           1.27e+02            1.27e+02            8.45e-01            
Tdiode_soc1tmp           1.25e+02            1.25e+02            1.18e+00            
battery                  9.12e+01            9.12e+01            2.85e-14            
chrgr                    1.19e+02            1.20e+02            7.04e-01            
ddr1                     1.26e+02            1.26e+02            9.07e-01            
ddr2                     1.24e+02            1.24e+02            9.38e-01            
mem                      1.16e+02            1.16e+02            5.19e-01            
mero2                    1.27e+02            1.27e+02            9.71e-01            
vrm                      1.23e+02            1.23e+02            9.12e-01            
