Metric                   Mean                Median              Standard Deviation  
-------------------------------------------------------------------------------------
wearable                 5.70e+06            5.57e+06            3.23e+05            
soc                      1.26e+06            1.27e+06            1.12e+05            
cvip                     1.67e+06            1.66e+06            1.57e+05            
cpu                      1.22e+06            1.19e+06            2.20e+05            
gpu                      1.97e+06            1.40e+06            1.82e+06            
5v_sys                   6.58e+06            6.47e+06            3.20e+05            
wlan                     2.21e+05            2.15e+05            1.66e+04            
nvme_pwr1                2.37e+03            0.00e+00            5.21e+03            
nvme_pwr3                3.61e+04            1.58e+04            5.38e+04            
nvme_pwr2                7.00e+03            6.80e+03            2.40e+03            
vddp_run                 6.96e+04            6.92e+04            1.96e+03            
vddp_s5                  6.86e+04            6.84e+04            1.52e+03            
LPDDR_PWR                2.69e+06            2.69e+06            1.40e+05            
PROC_TOT_PWR             6.17e+06            5.67e+06            1.79e+06            
THERM_TOT_PWR            8.86e+06            8.36e+06            1.81e+06            
THERM_TOT_PWR-throttle   2.50e+07            2.50e+07            0.00e+00            
Tboard_soc1tmp           1.23e+02            1.22e+02            3.06e+00            
Tdiode_soc1tmp           1.21e+02            1.21e+02            3.25e+00            
battery                  8.18e+01            8.17e+01            6.59e-01            
chrgr                    1.15e+02            1.15e+02            2.58e+00            
ddr1                     1.22e+02            1.22e+02            2.80e+00            
ddr2                     1.20e+02            1.20e+02            2.80e+00            
mem                      1.12e+02            1.12e+02            2.46e+00            
mero2                    1.22e+02            1.22e+02            2.96e+00            
vrm                      1.19e+02            1.19e+02            2.82e+00            
