Metric                   Mean                Median              Standard Deviation  
-------------------------------------------------------------------------------------
wearable                 5.85e+06            5.70e+06            3.84e+05            
soc                      1.26e+06            1.24e+06            1.64e+05            
cvip                     1.70e+06            1.63e+06            3.13e+05            
cpu                      1.26e+06            1.18e+06            3.84e+05            
gpu                      1.76e+06            1.05e+05            2.31e+06            
5v_sys                   6.84e+06            6.75e+06            4.13e+05            
wlan                     2.38e+05            2.33e+05            2.50e+04            
nvme_pwr1                1.62e+03            0.00e+00            9.68e+03            
nvme_pwr3                3.30e+04            5.00e+03            1.04e+05            
nvme_pwr2                6.28e+03            4.00e+03            4.29e+03            
vddp_run                 6.90e+04            6.80e+04            3.33e+03            
vddp_s5                  6.84e+04            6.80e+04            1.28e+03            
LPDDR_PWR                2.68e+06            2.67e+06            1.48e+05            
PROC_TOT_PWR             6.01e+06            4.87e+06            2.35e+06            
THERM_TOT_PWR            8.69e+06            7.64e+06            2.36e+06            
THERM_TOT_PWR-throttle   2.50e+07            2.50e+07            0.00e+00            
Tboard_soc1tmp           1.25e+02            1.24e+02            1.84e+00            
Tdiode_soc1tmp           1.23e+02            1.22e+02            2.21e+00            
battery                  9.12e+01            9.12e+01            3.98e-01            
chrgr                    1.17e+02            1.17e+02            1.78e+00            
ddr1                     1.23e+02            1.23e+02            1.95e+00            
ddr2                     1.21e+02            1.21e+02            1.99e+00            
mem                      1.14e+02            1.14e+02            1.53e+00            
mero2                    1.24e+02            1.24e+02            1.99e+00            
vrm                      1.21e+02            1.20e+02            1.95e+00            
