Metric                   Mean                Median              Standard Deviation  
-------------------------------------------------------------------------------------
wearable                 5.86e+06            5.69e+06            3.66e+05            
soc                      1.26e+06            1.26e+06            1.15e+05            
cvip                     1.64e+06            1.63e+06            1.26e+05            
cpu                      1.24e+06            1.24e+06            2.42e+05            
gpu                      1.65e+06            1.26e+06            1.72e+06            
5v_sys                   7.00e+06            6.85e+06            3.82e+05            
wlan                     2.39e+05            2.37e+05            1.50e+04            
nvme_pwr1                5.94e+02            0.00e+00            1.02e+03            
nvme_pwr3                2.86e+04            1.34e+04            4.04e+04            
nvme_pwr2                6.18e+03            6.00e+03            1.86e+03            
vddp_run                 6.89e+04            6.80e+04            1.37e+03            
vddp_s5                  6.79e+04            6.80e+04            3.40e+02            
LPDDR_PWR                2.67e+06            2.66e+06            1.34e+05            
PROC_TOT_PWR             5.77e+06            5.33e+06            1.66e+06            
THERM_TOT_PWR            8.44e+06            7.96e+06            1.66e+06            
THERM_TOT_PWR-throttle   2.50e+07            2.50e+07            0.00e+00            
Tboard_soc1tmp           1.24e+02            1.24e+02            2.85e-14            
Tdiode_soc1tmp           1.21e+02            1.21e+02            3.80e-01            
battery                  9.08e+01            9.07e+01            8.62e-02            
chrgr                    1.16e+02            1.16e+02            2.06e-01            
ddr1                     1.22e+02            1.22e+02            1.70e-01            
ddr2                     1.20e+02            1.20e+02            2.05e-01            
mem                      1.13e+02            1.13e+02            3.57e-01            
mero2                    1.23e+02            1.23e+02            1.66e-01            
vrm                      1.20e+02            1.20e+02            1.52e-01            
