Metric                   Mean                Median              Standard Deviation  
-------------------------------------------------------------------------------------
wearable                 5.84e+06            5.71e+06            3.46e+05            
soc                      1.25e+06            1.24e+06            1.20e+05            
cvip                     1.55e+06            1.53e+06            1.14e+05            
cpu                      1.25e+06            1.28e+06            2.35e+05            
gpu                      1.77e+06            1.29e+06            1.71e+06            
5v_sys                   6.73e+06            6.59e+06            3.52e+05            
wlan                     2.35e+05            2.34e+05            1.88e+04            
nvme_pwr1                2.70e+03            0.00e+00            5.64e+03            
nvme_pwr3                3.75e+04            1.46e+04            5.25e+04            
nvme_pwr2                6.49e+03            6.00e+03            1.94e+03            
vddp_run                 6.90e+04            6.80e+04            1.51e+03            
vddp_s5                  6.79e+04            6.80e+04            1.28e+03            
LPDDR_PWR                2.67e+06            2.65e+06            1.31e+05            
PROC_TOT_PWR             5.98e+06            5.51e+06            1.77e+06            
THERM_TOT_PWR            8.64e+06            8.20e+06            1.79e+06            
THERM_TOT_PWR-throttle   2.50e+07            2.50e+07            0.00e+00            
Tboard_soc1tmp           1.24e+02            1.24e+02            1.87e+00            
Tdiode_soc1tmp           1.22e+02            1.22e+02            2.11e+00            
battery                  9.17e+01            9.16e+01            1.62e-01            
chrgr                    1.16e+02            1.16e+02            1.47e+00            
ddr1                     1.23e+02            1.23e+02            1.81e+00            
ddr2                     1.21e+02            1.21e+02            1.86e+00            
mem                      1.13e+02            1.13e+02            1.13e+00            
mero2                    1.23e+02            1.24e+02            1.82e+00            
vrm                      1.20e+02            1.20e+02            1.74e+00            
