Metric                   Mean                Median              Standard Deviation  
-------------------------------------------------------------------------------------
wearable                 6.13e+06            6.19e+06            3.49e+05            
soc                      1.31e+06            1.32e+06            1.11e+05            
cvip                     1.42e+06            1.40e+06            9.24e+04            
cpu                      1.35e+06            1.37e+06            2.32e+05            
gpu                      1.93e+06            1.64e+06            1.68e+06            
5v_sys                   7.27e+06            7.33e+06            3.60e+05            
nvme_pwr1                2.20e+03            0.00e+00            4.22e+03            
nvme_pwr3                3.75e+04            1.04e+04            5.36e+04            
nvme_pwr2                6.54e+03            6.40e+03            2.11e+03            
wlan                     2.31e+05            2.29e+05            1.55e+04            
vddp_run                 6.88e+04            6.80e+04            1.63e+03            
vddp_s5                  6.72e+04            6.74e+04            1.03e+03            
LPDDR_PWR                2.64e+06            2.63e+06            9.54e+04            
PROC_TOT_PWR             6.34e+06            5.90e+06            1.63e+06            
THERM_TOT_PWR            8.98e+06            8.61e+06            1.63e+06            
THERM_TOT_PWR-throttle   2.50e+07            2.50e+07            0.00e+00            
Tboard_soc1tmp           1.23e+02            1.24e+02            8.90e-01            
Tdiode_soc1tmp           1.21e+02            1.21e+02            8.29e-01            
battery                  9.76e+01            9.75e+01            3.13e-01            
chrgr                    1.15e+02            1.15e+02            4.74e-01            
ddr1                     1.22e+02            1.22e+02            6.47e-01            
ddr2                     1.20e+02            1.20e+02            7.06e-01            
mem                      1.13e+02            1.13e+02            3.46e-01            
mero2                    1.22e+02            1.23e+02            6.63e-01            
vrm                      1.19e+02            1.19e+02            6.30e-01            
