Metric                   Mean                Median              Standard Deviation  
-------------------------------------------------------------------------------------
wearable                 6.11e+06            6.19e+06            3.77e+05            
soc                      1.26e+06            1.25e+06            1.45e+05            
cvip                     1.49e+06            1.45e+06            2.17e+05            
cpu                      1.24e+06            1.19e+06            3.70e+05            
gpu                      1.75e+06            1.05e+05            2.32e+06            
5v_sys                   7.25e+06            7.34e+06            3.89e+05            
nvme_pwr1                1.13e+03            0.00e+00            7.33e+03            
nvme_pwr3                4.21e+04            5.00e+03            1.28e+05            
nvme_pwr2                6.00e+03            4.00e+03            3.35e+03            
wlan                     2.31e+05            2.27e+05            1.96e+04            
vddp_run                 6.87e+04            6.80e+04            3.04e+03            
vddp_s5                  6.78e+04            6.80e+04            7.61e+02            
LPDDR_PWR                2.65e+06            2.63e+06            1.22e+05            
PROC_TOT_PWR             6.42e+06            5.41e+06            2.34e+06            
THERM_TOT_PWR            9.07e+06            8.14e+06            2.34e+06            
THERM_TOT_PWR-throttle   2.50e+07            2.50e+07            0.00e+00            
Tboard_soc1tmp           1.24e+02            1.24e+02            5.56e-01            
Tdiode_soc1tmp           1.21e+02            1.21e+02            5.63e-01            
battery                  9.56e+01            9.55e+01            3.24e-01            
chrgr                    1.16e+02            1.16e+02            2.66e-01            
ddr1                     1.22e+02            1.22e+02            3.88e-01            
ddr2                     1.20e+02            1.20e+02            4.47e-01            
mem                      1.13e+02            1.13e+02            1.50e-01            
mero2                    1.23e+02            1.23e+02            4.21e-01            
vrm                      1.19e+02            1.19e+02            3.92e-01            
