Metric                   Mean                Median              Standard Deviation  
-------------------------------------------------------------------------------------
wearable                 6.15e+06            6.22e+06            2.53e+05            
soc                      1.25e+06            1.27e+06            9.37e+04            
cvip                     1.68e+06            1.67e+06            1.35e+05            
cpu                      1.28e+06            1.27e+06            2.49e+05            
gpu                      1.47e+06            8.18e+05            1.53e+06            
5v_sys                   7.17e+06            7.19e+06            2.53e+05            
nvme_pwr1                2.36e+03            0.00e+00            6.06e+03            
nvme_pwr3                3.82e+04            1.40e+04            5.09e+04            
nvme_pwr2                5.92e+03            5.90e+03            1.63e+03            
wlan                     2.32e+05            2.29e+05            1.52e+04            
vddp_run                 6.89e+04            6.80e+04            1.31e+03            
vddp_s5                  6.92e+04            6.92e+04            7.36e+02            
LPDDR_PWR                2.61e+06            2.60e+06            7.93e+04            
PROC_TOT_PWR             5.67e+06            5.36e+06            1.63e+06            
THERM_TOT_PWR            8.27e+06            7.90e+06            1.64e+06            
THERM_TOT_PWR-throttle   2.50e+07            2.50e+07            0.00e+00            
Tboard_soc1tmp           1.27e+02            1.27e+02            7.27e-02            
Tdiode_soc1tmp           1.25e+02            1.25e+02            6.57e-01            
battery                  9.32e+01            9.32e+01            4.27e-01            
chrgr                    1.20e+02            1.20e+02            3.68e-01            
ddr1                     1.26e+02            1.26e+02            5.00e-01            
ddr2                     1.24e+02            1.24e+02            5.40e-01            
mem                      1.17e+02            1.17e+02            2.51e-01            
mero2                    1.27e+02            1.27e+02            5.12e-01            
vrm                      1.23e+02            1.23e+02            4.84e-01            
