Metric                   Mean                Median              Standard Deviation  
-------------------------------------------------------------------------------------
wearable                 6.41e+06            6.43e+06            1.42e+05            
soc                      1.25e+06            1.21e+06            1.80e+05            
cvip                     1.58e+06            1.36e+06            4.04e+05            
cpu                      1.19e+06            1.10e+06            3.74e+05            
gpu                      1.81e+06            1.47e+05            2.25e+06            
5v_sys                   7.30e+06            7.33e+06            1.44e+05            
wlan                     2.42e+05            2.34e+05            3.15e+04            
nvme_pwr1                3.24e+03            0.00e+00            1.61e+04            
nvme_pwr3                3.27e+04            5.00e+03            1.05e+05            
nvme_pwr2                7.04e+03            7.00e+03            5.32e+03            
vddp_run                 6.88e+04            6.80e+04            3.24e+03            
vddp_s5                  6.73e+04            6.80e+04            1.53e+03            
LPDDR_PWR                2.63e+06            2.63e+06            1.46e+05            
PROC_TOT_PWR             5.64e+06            4.45e+06            2.24e+06            
THERM_TOT_PWR            8.27e+06            7.16e+06            2.26e+06            
THERM_TOT_PWR-throttle   2.50e+07            2.50e+07            0.00e+00            
Tboard_soc1tmp           1.23e+02            1.24e+02            2.21e+00            
Tdiode_soc1tmp           1.21e+02            1.21e+02            2.38e+00            
battery                  8.82e+01            8.82e+01            2.48e-01            
chrgr                    1.16e+02            1.16e+02            1.73e+00            
ddr1                     1.22e+02            1.22e+02            2.07e+00            
ddr2                     1.20e+02            1.20e+02            1.97e+00            
mem                      1.12e+02            1.12e+02            1.74e+00            
mero2                    1.23e+02            1.23e+02            2.08e+00            
vrm                      1.19e+02            1.19e+02            1.91e+00            
