Metric                   Mean                Median              Standard Deviation  
-------------------------------------------------------------------------------------
wearable                 6.52e+06            6.53e+06            9.96e+04            
soc                      1.33e+06            1.34e+06            1.22e+05            
cvip                     1.57e+06            1.56e+06            1.33e+05            
cpu                      1.26e+06            1.26e+06            2.37e+05            
gpu                      1.91e+06            1.29e+06            1.70e+06            
5v_sys                   7.59e+06            7.66e+06            2.10e+05            
wlan                     2.41e+05            2.39e+05            1.51e+04            
nvme_pwr1                1.87e+03            0.00e+00            4.42e+03            
nvme_pwr3                3.73e+04            1.99e+04            4.87e+04            
nvme_pwr2                6.15e+03            6.00e+03            2.32e+03            
vddp_run                 6.92e+04            6.84e+04            1.51e+03            
vddp_s5                  6.95e+04            7.00e+04            6.10e+02            
LPDDR_PWR                2.70e+06            2.69e+06            1.06e+05            
PROC_TOT_PWR             6.44e+06            5.95e+06            1.78e+06            
THERM_TOT_PWR            9.15e+06            8.62e+06            1.81e+06            
THERM_TOT_PWR-throttle   2.50e+07            2.50e+07            0.00e+00            
Tboard_soc1tmp           1.27e+02            1.27e+02            7.16e-01            
Tdiode_soc1tmp           1.25e+02            1.25e+02            7.63e-01            
battery                  9.02e+01            9.01e+01            3.80e-01            
chrgr                    1.20e+02            1.20e+02            3.98e-01            
ddr1                     1.26e+02            1.26e+02            5.58e-01            
ddr2                     1.24e+02            1.24e+02            5.87e-01            
mem                      1.17e+02            1.17e+02            2.93e-01            
mero2                    1.27e+02            1.27e+02            5.91e-01            
vrm                      1.23e+02            1.23e+02            5.33e-01            
