Metric                   Mean                Median              Standard Deviation  
-------------------------------------------------------------------------------------
wearable                 6.49e+06            6.50e+06            1.31e+05            
soc                      1.29e+06            1.26e+06            1.76e+05            
cvip                     1.66e+06            1.54e+06            3.64e+05            
cpu                      1.22e+06            1.13e+06            3.78e+05            
gpu                      1.89e+06            1.88e+05            2.27e+06            
5v_sys                   7.53e+06            7.56e+06            2.29e+05            
wlan                     2.41e+05            2.35e+05            2.60e+04            
nvme_pwr1                2.60e+03            0.00e+00            1.40e+04            
nvme_pwr3                3.53e+04            5.00e+03            1.11e+05            
nvme_pwr2                6.47e+03            4.00e+03            4.86e+03            
vddp_run                 6.91e+04            6.80e+04            3.56e+03            
vddp_s5                  6.83e+04            6.80e+04            1.43e+03            
LPDDR_PWR                2.67e+06            2.66e+06            1.36e+05            
PROC_TOT_PWR             6.11e+06            5.07e+06            2.29e+06            
THERM_TOT_PWR            8.78e+06            7.80e+06            2.31e+06            
THERM_TOT_PWR-throttle   2.50e+07            2.50e+07            0.00e+00            
Tboard_soc1tmp           1.25e+02            1.26e+02            2.37e+00            
Tdiode_soc1tmp           1.23e+02            1.23e+02            2.44e+00            
battery                  9.02e+01            9.01e+01            1.55e+00            
chrgr                    1.17e+02            1.17e+02            2.00e+00            
ddr1                     1.24e+02            1.23e+02            2.18e+00            
ddr2                     1.22e+02            1.21e+02            2.09e+00            
mem                      1.14e+02            1.14e+02            2.12e+00            
mero2                    1.24e+02            1.24e+02            2.24e+00            
vrm                      1.21e+02            1.21e+02            2.11e+00            
