Metric                   Mean                Median              Standard Deviation  
-------------------------------------------------------------------------------------
wearable                 6.53e+06            6.53e+06            8.55e+04            
soc                      1.28e+06            1.28e+06            1.21e+05            
cvip                     1.84e+06            1.82e+06            1.72e+05            
cpu                      1.22e+06            1.18e+06            2.54e+05            
gpu                      1.93e+06            1.49e+06            1.69e+06            
5v_sys                   7.68e+06            7.68e+06            9.21e+04            
wlan                     2.39e+05            2.37e+05            1.58e+04            
nvme_pwr1                2.77e+03            0.00e+00            8.42e+03            
nvme_pwr3                3.58e+04            1.42e+04            4.94e+04            
nvme_pwr2                6.25e+03            6.00e+03            2.24e+03            
vddp_run                 6.91e+04            6.84e+04            1.52e+03            
vddp_s5                  6.80e+04            6.80e+04            4.48e+02            
LPDDR_PWR                2.67e+06            2.64e+06            1.08e+05            
PROC_TOT_PWR             6.21e+06            5.88e+06            1.50e+06            
THERM_TOT_PWR            8.88e+06            8.42e+06            1.51e+06            
THERM_TOT_PWR-throttle   2.50e+07            2.50e+07            0.00e+00            
Tboard_soc1tmp           1.24e+02            1.24e+02            7.88e-01            
Tdiode_soc1tmp           1.22e+02            1.22e+02            7.74e-01            
battery                  9.20e+01            9.20e+01            3.28e-01            
chrgr                    1.17e+02            1.17e+02            3.85e-01            
ddr1                     1.23e+02            1.23e+02            5.66e-01            
ddr2                     1.21e+02            1.21e+02            6.01e-01            
mem                      1.14e+02            1.14e+02            2.13e-01            
mero2                    1.24e+02            1.24e+02            5.69e-01            
vrm                      1.20e+02            1.20e+02            5.25e-01            
